header,0.5,0.49,0.48,0.47,0.45,0.44,0.43,0.42,0.41,0.39,0.38,0.37,0.36,0.35,0.33,0.32,0.31,0.3,0.29,0.27,0.26,0.25,0.24,0.22,0.21,0.19,0.18,0.16,0.15,0.13,0.12,0.1,0.09,0.07,0.06,0.04,0.03,
50,1,7,9,11,14,15,17,18,19,21,23,24,25,26,29,30,31,32,33,36,37,38,39,41,42,44,45,47,48,50,
100,1,7,9,12,17,19,22,23,26,29,31,33,34,36,40,42,44,46,48,53,55,58,60,65,68,74,76,82,85,90,92,95,97,
150,1,7,10,13,18,20,23,25,28,34,36,38,40,42,47,50,52,55,57,63,66,69,72,79,83,91,96,105,110,121,126,136,140,145,148,
200,1,8,10,13,18,20,23,25,28,37,39,42,44,47,52,55,58,61,63,70,74,77,81,89,94,104,109,121,128,142,150,167,175,190,194,
250,1,8,10,13,18,20,24,26,28,40,42,45,47,50,56,59,62,65,68,76,79,84,88,97,103,114,120,134,141,158,168,190,202,227,238,247,
300,1,8,10,14,18,20,24,26,29,42,44,48,50,53,59,62,66,70,72,80,84,89,94,104,109,122,129,144,152,172,183,209,224,257,274,294,299,
350,1,8,10,14,19,21,24,27,29,44,46,50,52,55,61,65,69,73,76,84,88,93,99,109,115,129,136,152,162,183,195,225,242,282,305,342,347,
400,1,8,11,14,19,21,25,27,30,46,48,51,54,57,64,67,72,76,79,87,92,97,103,114,120,135,142,160,170,193,206,238,257,303,330,385,395,
450,1,8,11,14,19,21,25,27,30,47,49,53,56,59,66,70,74,78,82,90,95,101,107,118,124,140,147,166,177,202,215,250,271,322,353,423,443,
